(kicad_pcb (version 20171130) (host pcbnew "(5.0.0-rc2-dev-493-gd776eaca8)")

  (general
    (thickness 1.6)
    (drawings 0)
    (tracks 0)
    (zones 0)
    (modules 89)
    (nets 117)
  )

  (page A4)
  (layers
    (0 F.Cu signal)
    (31 B.Cu signal)
    (32 B.Adhes user)
    (33 F.Adhes user)
    (34 B.Paste user)
    (35 F.Paste user)
    (36 B.SilkS user)
    (37 F.SilkS user)
    (38 B.Mask user)
    (39 F.Mask user)
    (40 Dwgs.User user)
    (41 Cmts.User user)
    (42 Eco1.User user)
    (43 Eco2.User user)
    (44 Edge.Cuts user)
    (45 Margin user)
    (46 B.CrtYd user)
    (47 F.CrtYd user)
    (48 B.Fab user)
    (49 F.Fab user)
  )

  (setup
    (last_trace_width 0.25)
    (trace_clearance 0.2)
    (zone_clearance 0.508)
    (zone_45_only no)
    (trace_min 0.2)
    (segment_width 0.2)
    (edge_width 0.15)
    (via_size 0.8)
    (via_drill 0.4)
    (via_min_size 0.4)
    (via_min_drill 0.3)
    (uvia_size 0.3)
    (uvia_drill 0.1)
    (uvias_allowed no)
    (uvia_min_size 0.2)
    (uvia_min_drill 0.1)
    (pcb_text_width 0.3)
    (pcb_text_size 1.5 1.5)
    (mod_edge_width 0.15)
    (mod_text_size 1 1)
    (mod_text_width 0.15)
    (pad_size 1.524 1.524)
    (pad_drill 0.762)
    (pad_to_mask_clearance 0.2)
    (aux_axis_origin 0 0)
    (visible_elements FFFFFF7F)
    (pcbplotparams
      (layerselection 0x010fc_ffffffff)
      (usegerberextensions false)
      (usegerberattributes false)
      (usegerberadvancedattributes false)
      (creategerberjobfile false)
      (excludeedgelayer true)
      (linewidth 0.100000)
      (plotframeref false)
      (viasonmask false)
      (mode 1)
      (useauxorigin false)
      (hpglpennumber 1)
      (hpglpenspeed 20)
      (hpglpendiameter 15)
      (psnegative false)
      (psa4output false)
      (plotreference true)
      (plotvalue true)
      (plotinvisibletext false)
      (padsonsilk false)
      (subtractmaskfromsilk false)
      (outputformat 1)
      (mirror false)
      (drillshape 1)
      (scaleselection 1)
      (outputdirectory ""))
  )

  (net 0 "")
  (net 1 AGND)
  (net 2 AVCC)
  (net 3 +5V)
  (net 4 GND)
  (net 5 +3V3)
  (net 6 "Net-(C9-Pad1)")
  (net 7 "Net-(C10-Pad1)")
  (net 8 "Net-(C11-Pad1)")
  (net 9 "Net-(C12-Pad1)")
  (net 10 +12V)
  (net 11 AVCC_DIV2)
  (net 12 "Net-(C19-Pad1)")
  (net 13 MOR)
  (net 14 "Net-(C20-Pad2)")
  (net 15 MOL)
  (net 16 "Net-(C21-Pad2)")
  (net 17 "Net-(C22-Pad2)")
  (net 18 "Net-(C23-Pad1)")
  (net 19 "Net-(C24-Pad2)")
  (net 20 "Net-(C25-Pad1)")
  (net 21 "Net-(C27-Pad2)")
  (net 22 PRE_L)
  (net 23 PRE_R)
  (net 24 "Net-(C28-Pad2)")
  (net 25 "Net-(C29-Pad1)")
  (net 26 "Net-(C30-Pad1)")
  (net 27 "Net-(C31-Pad1)")
  (net 28 "Net-(C31-Pad2)")
  (net 29 "Net-(C32-Pad1)")
  (net 30 "Net-(C32-Pad2)")
  (net 31 "Net-(C33-Pad2)")
  (net 32 L_OUT)
  (net 33 "Net-(C35-Pad2)")
  (net 34 R_OUT)
  (net 35 "Net-(D1-Pad1)")
  (net 36 SD_CS)
  (net 37 SD_MOSI)
  (net 38 SD_SCK)
  (net 39 SD_MISO)
  (net 40 "Net-(J1-Pad8)")
  (net 41 "Net-(J1-Pad9)")
  (net 42 "Net-(J1-Pad10)")
  (net 43 "Net-(J1-Pad11)")
  (net 44 "Net-(J1-Pad12)")
  (net 45 "Net-(J2-Pad5)")
  (net 46 "Net-(J2-Pad3)")
  (net 47 "Net-(J2-Pad2)")
  (net 48 "Net-(J3-Pad1)")
  (net 49 "Net-(J4-Pad5)")
  (net 50 "Net-(J4-Pad4)")
  (net 51 "Net-(J5-Pad3)")
  (net 52 "Net-(J5-Pad2)")
  (net 53 "Net-(J5-Pad1)")
  (net 54 "Net-(J5-Pad5)")
  (net 55 "Net-(R1-Pad2)")
  (net 56 I2C_SCL)
  (net 57 "Net-(R24-Pad1)")
  (net 58 "Net-(R26-Pad1)")
  (net 59 PREV)
  (net 60 "Net-(SW1-Pad2)")
  (net 61 "Net-(SW1-Pad4)")
  (net 62 "Net-(SW2-Pad4)")
  (net 63 "Net-(SW2-Pad2)")
  (net 64 RAND)
  (net 65 NEXT)
  (net 66 "Net-(SW3-Pad2)")
  (net 67 "Net-(SW3-Pad4)")
  (net 68 "Net-(SW4-Pad4)")
  (net 69 "Net-(SW4-Pad2)")
  (net 70 OPTION)
  (net 71 SN_OUT)
  (net 72 "Net-(SW7-Pad2)")
  (net 73 "Net-(U1-Pad1)")
  (net 74 D2)
  (net 75 D3)
  (net 76 D4)
  (net 77 D5)
  (net 78 D6)
  (net 79 D7)
  (net 80 YM_A1)
  (net 81 "Net-(U1-Pad17)")
  (net 82 "Net-(U1-Pad18)")
  (net 83 RAM_CS)
  (net 84 RAM_SCK)
  (net 85 RAM_MISO)
  (net 86 RAM_MOSI)
  (net 87 "Net-(U1-Pad25)")
  (net 88 TX)
  (net 89 RX)
  (net 90 YM_A0)
  (net 91 YM_WR)
  (net 92 YM_RD)
  (net 93 YM_CS)
  (net 94 YM_IC)
  (net 95 SN_WE)
  (net 96 D0)
  (net 97 D1)
  (net 98 "Net-(U1-Pad40)")
  (net 99 "Net-(U1-Pad41)")
  (net 100 "Net-(U1-Pad42)")
  (net 101 SN_CLK)
  (net 102 "Net-(U2-Pad4)")
  (net 103 "Net-(U2-Pad9)")
  (net 104 YM_CLK)
  (net 105 "Net-(U3-Pad10)")
  (net 106 "Net-(U3-Pad13)")
  (net 107 "Net-(U4-Pad13)")
  (net 108 "Net-(U4-Pad14)")
  (net 109 "Net-(U4-Pad12)")
  (net 110 "Net-(U4-Pad11)")
  (net 111 "Net-(U4-Pad9)")
  (net 112 "Net-(U4-Pad10)")
  (net 113 "Net-(U4-Pad15)")
  (net 114 "Net-(U5-Pad5)")
  (net 115 "Net-(U6-Pad5)")
  (net 116 "Net-(U7-Pad3)")

  (net_class Default "This is the default net class."
    (clearance 0.2)
    (trace_width 0.25)
    (via_dia 0.8)
    (via_drill 0.4)
    (uvia_dia 0.3)
    (uvia_drill 0.1)
    (add_net +12V)
    (add_net +3V3)
    (add_net +5V)
    (add_net AGND)
    (add_net AVCC)
    (add_net AVCC_DIV2)
    (add_net D0)
    (add_net D1)
    (add_net D2)
    (add_net D3)
    (add_net D4)
    (add_net D5)
    (add_net D6)
    (add_net D7)
    (add_net GND)
    (add_net I2C_SCL)
    (add_net L_OUT)
    (add_net MOL)
    (add_net MOR)
    (add_net NEXT)
    (add_net "Net-(C10-Pad1)")
    (add_net "Net-(C11-Pad1)")
    (add_net "Net-(C12-Pad1)")
    (add_net "Net-(C19-Pad1)")
    (add_net "Net-(C20-Pad2)")
    (add_net "Net-(C21-Pad2)")
    (add_net "Net-(C22-Pad2)")
    (add_net "Net-(C23-Pad1)")
    (add_net "Net-(C24-Pad2)")
    (add_net "Net-(C25-Pad1)")
    (add_net "Net-(C27-Pad2)")
    (add_net "Net-(C28-Pad2)")
    (add_net "Net-(C29-Pad1)")
    (add_net "Net-(C30-Pad1)")
    (add_net "Net-(C31-Pad1)")
    (add_net "Net-(C31-Pad2)")
    (add_net "Net-(C32-Pad1)")
    (add_net "Net-(C32-Pad2)")
    (add_net "Net-(C33-Pad2)")
    (add_net "Net-(C35-Pad2)")
    (add_net "Net-(C9-Pad1)")
    (add_net "Net-(D1-Pad1)")
    (add_net "Net-(J1-Pad10)")
    (add_net "Net-(J1-Pad11)")
    (add_net "Net-(J1-Pad12)")
    (add_net "Net-(J1-Pad8)")
    (add_net "Net-(J1-Pad9)")
    (add_net "Net-(J2-Pad2)")
    (add_net "Net-(J2-Pad3)")
    (add_net "Net-(J2-Pad5)")
    (add_net "Net-(J3-Pad1)")
    (add_net "Net-(J4-Pad4)")
    (add_net "Net-(J4-Pad5)")
    (add_net "Net-(J5-Pad1)")
    (add_net "Net-(J5-Pad2)")
    (add_net "Net-(J5-Pad3)")
    (add_net "Net-(J5-Pad5)")
    (add_net "Net-(R1-Pad2)")
    (add_net "Net-(R24-Pad1)")
    (add_net "Net-(R26-Pad1)")
    (add_net "Net-(SW1-Pad2)")
    (add_net "Net-(SW1-Pad4)")
    (add_net "Net-(SW2-Pad2)")
    (add_net "Net-(SW2-Pad4)")
    (add_net "Net-(SW3-Pad2)")
    (add_net "Net-(SW3-Pad4)")
    (add_net "Net-(SW4-Pad2)")
    (add_net "Net-(SW4-Pad4)")
    (add_net "Net-(SW7-Pad2)")
    (add_net "Net-(U1-Pad1)")
    (add_net "Net-(U1-Pad17)")
    (add_net "Net-(U1-Pad18)")
    (add_net "Net-(U1-Pad25)")
    (add_net "Net-(U1-Pad40)")
    (add_net "Net-(U1-Pad41)")
    (add_net "Net-(U1-Pad42)")
    (add_net "Net-(U2-Pad4)")
    (add_net "Net-(U2-Pad9)")
    (add_net "Net-(U3-Pad10)")
    (add_net "Net-(U3-Pad13)")
    (add_net "Net-(U4-Pad10)")
    (add_net "Net-(U4-Pad11)")
    (add_net "Net-(U4-Pad12)")
    (add_net "Net-(U4-Pad13)")
    (add_net "Net-(U4-Pad14)")
    (add_net "Net-(U4-Pad15)")
    (add_net "Net-(U4-Pad9)")
    (add_net "Net-(U5-Pad5)")
    (add_net "Net-(U6-Pad5)")
    (add_net "Net-(U7-Pad3)")
    (add_net OPTION)
    (add_net PREV)
    (add_net PRE_L)
    (add_net PRE_R)
    (add_net RAM_CS)
    (add_net RAM_MISO)
    (add_net RAM_MOSI)
    (add_net RAM_SCK)
    (add_net RAND)
    (add_net RX)
    (add_net R_OUT)
    (add_net SD_CS)
    (add_net SD_MISO)
    (add_net SD_MOSI)
    (add_net SD_SCK)
    (add_net SN_CLK)
    (add_net SN_OUT)
    (add_net SN_WE)
    (add_net TX)
    (add_net YM_A0)
    (add_net YM_A1)
    (add_net YM_CLK)
    (add_net YM_CS)
    (add_net YM_IC)
    (add_net YM_RD)
    (add_net YM_WR)
  )

  (module Capacitors_THT:C_Disc_D3.0mm_W1.6mm_P2.50mm (layer F.Cu) (tedit 597BC7C2) (tstamp 5ADDB26B)
    (at 229.994524 95.1525)
    (descr "C, Disc series, Radial, pin pitch=2.50mm, , diameter*width=3.0*1.6mm^2, Capacitor, http://www.vishay.com/docs/45233/krseries.pdf")
    (tags "C Disc series Radial pin pitch 2.50mm  diameter 3.0mm width 1.6mm Capacitor")
    (path /5ADDA7C2)
    (fp_text reference C1 (at 1.25 -2.11) (layer F.SilkS)
      (effects (font (size 1 1) (thickness 0.15)))
    )
    (fp_text value 100nF (at 1.25 2.11) (layer F.Fab)
      (effects (font (size 1 1) (thickness 0.15)))
    )
    (fp_text user %R (at 1.25 0) (layer F.Fab)
      (effects (font (size 1 1) (thickness 0.15)))
    )
    (fp_line (start 3.55 -1.15) (end -1.05 -1.15) (layer F.CrtYd) (width 0.05))
    (fp_line (start 3.55 1.15) (end 3.55 -1.15) (layer F.CrtYd) (width 0.05))
    (fp_line (start -1.05 1.15) (end 3.55 1.15) (layer F.CrtYd) (width 0.05))
    (fp_line (start -1.05 -1.15) (end -1.05 1.15) (layer F.CrtYd) (width 0.05))
    (fp_line (start 0.663 0.861) (end 1.837 0.861) (layer F.SilkS) (width 0.12))
    (fp_line (start 0.663 -0.861) (end 1.837 -0.861) (layer F.SilkS) (width 0.12))
    (fp_line (start 2.75 -0.8) (end -0.25 -0.8) (layer F.Fab) (width 0.1))
    (fp_line (start 2.75 0.8) (end 2.75 -0.8) (layer F.Fab) (width 0.1))
    (fp_line (start -0.25 0.8) (end 2.75 0.8) (layer F.Fab) (width 0.1))
    (fp_line (start -0.25 -0.8) (end -0.25 0.8) (layer F.Fab) (width 0.1))
    (pad 2 thru_hole circle (at 2.5 0) (size 1.6 1.6) (drill 0.8) (layers *.Cu *.Mask)
      (net 1 AGND))
    (pad 1 thru_hole circle (at 0 0) (size 1.6 1.6) (drill 0.8) (layers *.Cu *.Mask)
      (net 2 AVCC))
    (model ${KISYS3DMOD}/Capacitors_THT.3dshapes/C_Disc_D3.0mm_W1.6mm_P2.50mm.wrl
      (at (xyz 0 0 0))
      (scale (xyz 1 1 1))
      (rotate (xyz 0 0 0))
    )
  )

  (module Capacitors_THT:C_Disc_D3.0mm_W1.6mm_P2.50mm (layer F.Cu) (tedit 597BC7C2) (tstamp 5ADDB27C)
    (at 214.124524 109.2525)
    (descr "C, Disc series, Radial, pin pitch=2.50mm, , diameter*width=3.0*1.6mm^2, Capacitor, http://www.vishay.com/docs/45233/krseries.pdf")
    (tags "C Disc series Radial pin pitch 2.50mm  diameter 3.0mm width 1.6mm Capacitor")
    (path /5ADDB1F9)
    (fp_text reference C2 (at 1.25 -2.11) (layer F.SilkS)
      (effects (font (size 1 1) (thickness 0.15)))
    )
    (fp_text value 100nF (at 1.25 2.11) (layer F.Fab)
      (effects (font (size 1 1) (thickness 0.15)))
    )
    (fp_text user %R (at 1.25 0) (layer F.Fab)
      (effects (font (size 1 1) (thickness 0.15)))
    )
    (fp_line (start 3.55 -1.15) (end -1.05 -1.15) (layer F.CrtYd) (width 0.05))
    (fp_line (start 3.55 1.15) (end 3.55 -1.15) (layer F.CrtYd) (width 0.05))
    (fp_line (start -1.05 1.15) (end 3.55 1.15) (layer F.CrtYd) (width 0.05))
    (fp_line (start -1.05 -1.15) (end -1.05 1.15) (layer F.CrtYd) (width 0.05))
    (fp_line (start 0.663 0.861) (end 1.837 0.861) (layer F.SilkS) (width 0.12))
    (fp_line (start 0.663 -0.861) (end 1.837 -0.861) (layer F.SilkS) (width 0.12))
    (fp_line (start 2.75 -0.8) (end -0.25 -0.8) (layer F.Fab) (width 0.1))
    (fp_line (start 2.75 0.8) (end 2.75 -0.8) (layer F.Fab) (width 0.1))
    (fp_line (start -0.25 0.8) (end 2.75 0.8) (layer F.Fab) (width 0.1))
    (fp_line (start -0.25 -0.8) (end -0.25 0.8) (layer F.Fab) (width 0.1))
    (pad 2 thru_hole circle (at 2.5 0) (size 1.6 1.6) (drill 0.8) (layers *.Cu *.Mask)
      (net 3 +5V))
    (pad 1 thru_hole circle (at 0 0) (size 1.6 1.6) (drill 0.8) (layers *.Cu *.Mask)
      (net 4 GND))
    (model ${KISYS3DMOD}/Capacitors_THT.3dshapes/C_Disc_D3.0mm_W1.6mm_P2.50mm.wrl
      (at (xyz 0 0 0))
      (scale (xyz 1 1 1))
      (rotate (xyz 0 0 0))
    )
  )

  (module Capacitors_THT:C_Axial_L22.0mm_D10.5mm_P27.50mm_Horizontal (layer F.Cu) (tedit 597BC7C2) (tstamp 5ADDB293)
    (at 110.065001 107.6425)
    (descr "C, Axial series, Axial, Horizontal, pin pitch=27.5mm, , length*diameter=22*10.5mm^2, http://cdn-reichelt.de/documents/datenblatt/B300/STYROFLEX.pdf")
    (tags "C Axial series Axial Horizontal pin pitch 27.5mm  length 22mm diameter 10.5mm")
    (path /5ADDEE11)
    (fp_text reference C3 (at 13.75 -6.31) (layer F.SilkS)
      (effects (font (size 1 1) (thickness 0.15)))
    )
    (fp_text value 100nF (at 13.75 6.31) (layer F.Fab)
      (effects (font (size 1 1) (thickness 0.15)))
    )
    (fp_text user %R (at 13.75 0) (layer F.Fab)
      (effects (font (size 1 1) (thickness 0.15)))
    )
    (fp_line (start 28.55 -5.6) (end -1.05 -5.6) (layer F.CrtYd) (width 0.05))
    (fp_line (start 28.55 5.6) (end 28.55 -5.6) (layer F.CrtYd) (width 0.05))
    (fp_line (start -1.05 5.6) (end 28.55 5.6) (layer F.CrtYd) (width 0.05))
    (fp_line (start -1.05 -5.6) (end -1.05 5.6) (layer F.CrtYd) (width 0.05))
    (fp_line (start 26.52 0) (end 24.81 0) (layer F.SilkS) (width 0.12))
    (fp_line (start 0.98 0) (end 2.69 0) (layer F.SilkS) (width 0.12))
    (fp_line (start 24.81 -5.31) (end 2.69 -5.31) (layer F.SilkS) (width 0.12))
    (fp_line (start 24.81 5.31) (end 24.81 -5.31) (layer F.SilkS) (width 0.12))
    (fp_line (start 2.69 5.31) (end 24.81 5.31) (layer F.SilkS) (width 0.12))
    (fp_line (start 2.69 -5.31) (end 2.69 5.31) (layer F.SilkS) (width 0.12))
    (fp_line (start 27.5 0) (end 24.75 0) (layer F.Fab) (width 0.1))
    (fp_line (start 0 0) (end 2.75 0) (layer F.Fab) (width 0.1))
    (fp_line (start 24.75 -5.25) (end 2.75 -5.25) (layer F.Fab) (width 0.1))
    (fp_line (start 24.75 5.25) (end 24.75 -5.25) (layer F.Fab) (width 0.1))
    (fp_line (start 2.75 5.25) (end 24.75 5.25) (layer F.Fab) (width 0.1))
    (fp_line (start 2.75 -5.25) (end 2.75 5.25) (layer F.Fab) (width 0.1))
    (pad 2 thru_hole oval (at 27.5 0) (size 1.6 1.6) (drill 0.8) (layers *.Cu *.Mask)
      (net 4 GND))
    (pad 1 thru_hole circle (at 0 0) (size 1.6 1.6) (drill 0.8) (layers *.Cu *.Mask)
      (net 3 +5V))
    (model ${KISYS3DMOD}/Capacitors_THT.3dshapes/C_Axial_L22.0mm_D10.5mm_P27.50mm_Horizontal.wrl
      (at (xyz 0 0 0))
      (scale (xyz 1 1 1))
      (rotate (xyz 0 0 0))
    )
  )

  (module Capacitors_THT:C_Disc_D3.0mm_W1.6mm_P2.50mm (layer F.Cu) (tedit 597BC7C2) (tstamp 5ADDB2A4)
    (at 188.635001 137.7025)
    (descr "C, Disc series, Radial, pin pitch=2.50mm, , diameter*width=3.0*1.6mm^2, Capacitor, http://www.vishay.com/docs/45233/krseries.pdf")
    (tags "C Disc series Radial pin pitch 2.50mm  diameter 3.0mm width 1.6mm Capacitor")
    (path /5ADE2852)
    (fp_text reference C4 (at 1.25 -2.11) (layer F.SilkS)
      (effects (font (size 1 1) (thickness 0.15)))
    )
    (fp_text value 10nF (at 1.25 2.11) (layer F.Fab)
      (effects (font (size 1 1) (thickness 0.15)))
    )
    (fp_text user %R (at 1.25 0) (layer F.Fab)
      (effects (font (size 1 1) (thickness 0.15)))
    )
    (fp_line (start 3.55 -1.15) (end -1.05 -1.15) (layer F.CrtYd) (width 0.05))
    (fp_line (start 3.55 1.15) (end 3.55 -1.15) (layer F.CrtYd) (width 0.05))
    (fp_line (start -1.05 1.15) (end 3.55 1.15) (layer F.CrtYd) (width 0.05))
    (fp_line (start -1.05 -1.15) (end -1.05 1.15) (layer F.CrtYd) (width 0.05))
    (fp_line (start 0.663 0.861) (end 1.837 0.861) (layer F.SilkS) (width 0.12))
    (fp_line (start 0.663 -0.861) (end 1.837 -0.861) (layer F.SilkS) (width 0.12))
    (fp_line (start 2.75 -0.8) (end -0.25 -0.8) (layer F.Fab) (width 0.1))
    (fp_line (start 2.75 0.8) (end 2.75 -0.8) (layer F.Fab) (width 0.1))
    (fp_line (start -0.25 0.8) (end 2.75 0.8) (layer F.Fab) (width 0.1))
    (fp_line (start -0.25 -0.8) (end -0.25 0.8) (layer F.Fab) (width 0.1))
    (pad 2 thru_hole circle (at 2.5 0) (size 1.6 1.6) (drill 0.8) (layers *.Cu *.Mask)
      (net 4 GND))
    (pad 1 thru_hole circle (at 0 0) (size 1.6 1.6) (drill 0.8) (layers *.Cu *.Mask)
      (net 3 +5V))
    (model ${KISYS3DMOD}/Capacitors_THT.3dshapes/C_Disc_D3.0mm_W1.6mm_P2.50mm.wrl
      (at (xyz 0 0 0))
      (scale (xyz 1 1 1))
      (rotate (xyz 0 0 0))
    )
  )

  (module Capacitors_THT:C_Disc_D3.0mm_W1.6mm_P2.50mm (layer F.Cu) (tedit 597BC7C2) (tstamp 5ADDB2B5)
    (at 177.735001 147.3725)
    (descr "C, Disc series, Radial, pin pitch=2.50mm, , diameter*width=3.0*1.6mm^2, Capacitor, http://www.vishay.com/docs/45233/krseries.pdf")
    (tags "C Disc series Radial pin pitch 2.50mm  diameter 3.0mm width 1.6mm Capacitor")
    (path /5ADE8861)
    (fp_text reference C5 (at 1.25 -2.11) (layer F.SilkS)
      (effects (font (size 1 1) (thickness 0.15)))
    )
    (fp_text value 10nF (at 1.25 2.11) (layer F.Fab)
      (effects (font (size 1 1) (thickness 0.15)))
    )
    (fp_line (start -0.25 -0.8) (end -0.25 0.8) (layer F.Fab) (width 0.1))
    (fp_line (start -0.25 0.8) (end 2.75 0.8) (layer F.Fab) (width 0.1))
    (fp_line (start 2.75 0.8) (end 2.75 -0.8) (layer F.Fab) (width 0.1))
    (fp_line (start 2.75 -0.8) (end -0.25 -0.8) (layer F.Fab) (width 0.1))
    (fp_line (start 0.663 -0.861) (end 1.837 -0.861) (layer F.SilkS) (width 0.12))
    (fp_line (start 0.663 0.861) (end 1.837 0.861) (layer F.SilkS) (width 0.12))
    (fp_line (start -1.05 -1.15) (end -1.05 1.15) (layer F.CrtYd) (width 0.05))
    (fp_line (start -1.05 1.15) (end 3.55 1.15) (layer F.CrtYd) (width 0.05))
    (fp_line (start 3.55 1.15) (end 3.55 -1.15) (layer F.CrtYd) (width 0.05))
    (fp_line (start 3.55 -1.15) (end -1.05 -1.15) (layer F.CrtYd) (width 0.05))
    (fp_text user %R (at 1.25 0) (layer F.Fab)
      (effects (font (size 1 1) (thickness 0.15)))
    )
    (pad 1 thru_hole circle (at 0 0) (size 1.6 1.6) (drill 0.8) (layers *.Cu *.Mask)
      (net 3 +5V))
    (pad 2 thru_hole circle (at 2.5 0) (size 1.6 1.6) (drill 0.8) (layers *.Cu *.Mask)
      (net 4 GND))
    (model ${KISYS3DMOD}/Capacitors_THT.3dshapes/C_Disc_D3.0mm_W1.6mm_P2.50mm.wrl
      (at (xyz 0 0 0))
      (scale (xyz 1 1 1))
      (rotate (xyz 0 0 0))
    )
  )

  (module Capacitors_THT:C_Disc_D3.0mm_W1.6mm_P2.50mm (layer F.Cu) (tedit 597BC7C2) (tstamp 5ADDB2C6)
    (at 195.224524 129.0325)
    (descr "C, Disc series, Radial, pin pitch=2.50mm, , diameter*width=3.0*1.6mm^2, Capacitor, http://www.vishay.com/docs/45233/krseries.pdf")
    (tags "C Disc series Radial pin pitch 2.50mm  diameter 3.0mm width 1.6mm Capacitor")
    (path /5ADD3151)
    (fp_text reference C6 (at 1.25 -2.11) (layer F.SilkS)
      (effects (font (size 1 1) (thickness 0.15)))
    )
    (fp_text value 100nF (at 1.25 2.11) (layer F.Fab)
      (effects (font (size 1 1) (thickness 0.15)))
    )
    (fp_text user %R (at 1.25 0) (layer F.Fab)
      (effects (font (size 1 1) (thickness 0.15)))
    )
    (fp_line (start 3.55 -1.15) (end -1.05 -1.15) (layer F.CrtYd) (width 0.05))
    (fp_line (start 3.55 1.15) (end 3.55 -1.15) (layer F.CrtYd) (width 0.05))
    (fp_line (start -1.05 1.15) (end 3.55 1.15) (layer F.CrtYd) (width 0.05))
    (fp_line (start -1.05 -1.15) (end -1.05 1.15) (layer F.CrtYd) (width 0.05))
    (fp_line (start 0.663 0.861) (end 1.837 0.861) (layer F.SilkS) (width 0.12))
    (fp_line (start 0.663 -0.861) (end 1.837 -0.861) (layer F.SilkS) (width 0.12))
    (fp_line (start 2.75 -0.8) (end -0.25 -0.8) (layer F.Fab) (width 0.1))
    (fp_line (start 2.75 0.8) (end 2.75 -0.8) (layer F.Fab) (width 0.1))
    (fp_line (start -0.25 0.8) (end 2.75 0.8) (layer F.Fab) (width 0.1))
    (fp_line (start -0.25 -0.8) (end -0.25 0.8) (layer F.Fab) (width 0.1))
    (pad 2 thru_hole circle (at 2.5 0) (size 1.6 1.6) (drill 0.8) (layers *.Cu *.Mask)
      (net 5 +3V3))
    (pad 1 thru_hole circle (at 0 0) (size 1.6 1.6) (drill 0.8) (layers *.Cu *.Mask)
      (net 4 GND))
    (model ${KISYS3DMOD}/Capacitors_THT.3dshapes/C_Disc_D3.0mm_W1.6mm_P2.50mm.wrl
      (at (xyz 0 0 0))
      (scale (xyz 1 1 1))
      (rotate (xyz 0 0 0))
    )
  )

  (module Capacitors_THT:C_Disc_D3.0mm_W1.6mm_P2.50mm (layer F.Cu) (tedit 597BC7C2) (tstamp 5ADDB2D7)
    (at 239.744524 83.9025)
    (descr "C, Disc series, Radial, pin pitch=2.50mm, , diameter*width=3.0*1.6mm^2, Capacitor, http://www.vishay.com/docs/45233/krseries.pdf")
    (tags "C Disc series Radial pin pitch 2.50mm  diameter 3.0mm width 1.6mm Capacitor")
    (path /5ADE386F)
    (fp_text reference C7 (at 1.25 -2.11) (layer F.SilkS)
      (effects (font (size 1 1) (thickness 0.15)))
    )
    (fp_text value 100nF (at 1.25 2.11) (layer F.Fab)
      (effects (font (size 1 1) (thickness 0.15)))
    )
    (fp_text user %R (at 1.25 0) (layer F.Fab)
      (effects (font (size 1 1) (thickness 0.15)))
    )
    (fp_line (start 3.55 -1.15) (end -1.05 -1.15) (layer F.CrtYd) (width 0.05))
    (fp_line (start 3.55 1.15) (end 3.55 -1.15) (layer F.CrtYd) (width 0.05))
    (fp_line (start -1.05 1.15) (end 3.55 1.15) (layer F.CrtYd) (width 0.05))
    (fp_line (start -1.05 -1.15) (end -1.05 1.15) (layer F.CrtYd) (width 0.05))
    (fp_line (start 0.663 0.861) (end 1.837 0.861) (layer F.SilkS) (width 0.12))
    (fp_line (start 0.663 -0.861) (end 1.837 -0.861) (layer F.SilkS) (width 0.12))
    (fp_line (start 2.75 -0.8) (end -0.25 -0.8) (layer F.Fab) (width 0.1))
    (fp_line (start 2.75 0.8) (end 2.75 -0.8) (layer F.Fab) (width 0.1))
    (fp_line (start -0.25 0.8) (end 2.75 0.8) (layer F.Fab) (width 0.1))
    (fp_line (start -0.25 -0.8) (end -0.25 0.8) (layer F.Fab) (width 0.1))
    (pad 2 thru_hole circle (at 2.5 0) (size 1.6 1.6) (drill 0.8) (layers *.Cu *.Mask)
      (net 4 GND))
    (pad 1 thru_hole circle (at 0 0) (size 1.6 1.6) (drill 0.8) (layers *.Cu *.Mask)
      (net 3 +5V))
    (model ${KISYS3DMOD}/Capacitors_THT.3dshapes/C_Disc_D3.0mm_W1.6mm_P2.50mm.wrl
      (at (xyz 0 0 0))
      (scale (xyz 1 1 1))
      (rotate (xyz 0 0 0))
    )
  )

  (module Capacitors_THT:CP_Radial_D4.0mm_P1.50mm (layer F.Cu) (tedit 597BC7C2) (tstamp 5ADDB346)
    (at 233.520001 77.9325)
    (descr "CP, Radial series, Radial, pin pitch=1.50mm, , diameter=4mm, Electrolytic Capacitor")
    (tags "CP Radial series Radial pin pitch 1.50mm  diameter 4mm Electrolytic Capacitor")
    (path /5ADE554C)
    (fp_text reference C8 (at 0.75 -3.31) (layer F.SilkS)
      (effects (font (size 1 1) (thickness 0.15)))
    )
    (fp_text value 10uF (at 0.75 3.31) (layer F.Fab)
      (effects (font (size 1 1) (thickness 0.15)))
    )
    (fp_text user %R (at 0.75 0) (layer F.Fab)
      (effects (font (size 1 1) (thickness 0.15)))
    )
    (fp_line (start 3.1 -2.35) (end -1.6 -2.35) (layer F.CrtYd) (width 0.05))
    (fp_line (start 3.1 2.35) (end 3.1 -2.35) (layer F.CrtYd) (width 0.05))
    (fp_line (start -1.6 2.35) (end 3.1 2.35) (layer F.CrtYd) (width 0.05))
    (fp_line (start -1.6 -2.35) (end -1.6 2.35) (layer F.CrtYd) (width 0.05))
    (fp_line (start -1.25 -0.45) (end -1.25 0.45) (layer F.SilkS) (width 0.12))
    (fp_line (start -1.7 0) (end -0.8 0) (layer F.SilkS) (width 0.12))
    (fp_line (start 2.831 -0.165) (end 2.831 0.165) (layer F.SilkS) (width 0.12))
    (fp_line (start 2.791 -0.415) (end 2.791 0.415) (layer F.SilkS) (width 0.12))
    (fp_line (start 2.751 -0.567) (end 2.751 0.567) (layer F.SilkS) (width 0.12))
    (fp_line (start 2.711 -0.686) (end 2.711 0.686) (layer F.SilkS) (width 0.12))
    (fp_line (start 2.671 -0.786) (end 2.671 0.786) (layer F.SilkS) (width 0.12))
    (fp_line (start 2.631 -0.874) (end 2.631 0.874) (layer F.SilkS) (width 0.12))
    (fp_line (start 2.591 -0.952) (end 2.591 0.952) (layer F.SilkS) (width 0.12))
    (fp_line (start 2.551 -1.023) (end 2.551 1.023) (layer F.SilkS) (width 0.12))
    (fp_line (start 2.511 -1.088) (end 2.511 1.088) (layer F.SilkS) (width 0.12))
    (fp_line (start 2.471 -1.148) (end 2.471 1.148) (layer F.SilkS) (width 0.12))
    (fp_line (start 2.431 -1.204) (end 2.431 1.204) (layer F.SilkS) (width 0.12))
    (fp_line (start 2.391 -1.256) (end 2.391 1.256) (layer F.SilkS) (width 0.12))
    (fp_line (start 2.351 -1.305) (end 2.351 1.305) (layer F.SilkS) (width 0.12))
    (fp_line (start 2.311 -1.351) (end 2.311 1.351) (layer F.SilkS) (width 0.12))
    (fp_line (start 2.271 0.78) (end 2.271 1.395) (layer F.SilkS) (width 0.12))
    (fp_line (start 2.271 -1.395) (end 2.271 -0.78) (layer F.SilkS) (width 0.12))
    (fp_line (start 2.231 0.78) (end 2.231 1.436) (layer F.SilkS) (width 0.12))
    (fp_line (start 2.231 -1.436) (end 2.231 -0.78) (layer F.SilkS) (width 0.12))
    (fp_line (start 2.191 0.78) (end 2.191 1.475) (layer F.SilkS) (width 0.12))
    (fp_line (start 2.191 -1.475) (end 2.191 -0.78) (layer F.SilkS) (width 0.12))
    (fp_line (start 2.151 0.78) (end 2.151 1.512) (layer F.SilkS) (width 0.12))
    (fp_line (start 2.151 -1.512) (end 2.151 -0.78) (layer F.SilkS) (width 0.12))
    (fp_line (start 2.111 0.78) (end 2.111 1.547) (layer F.SilkS) (width 0.12))
    (fp_line (start 2.111 -1.547) (end 2.111 -0.78) (layer F.SilkS) (width 0.12))
    (fp_line (start 2.071 0.78) (end 2.071 1.581) (layer F.SilkS) (width 0.12))
    (fp_line (start 2.071 -1.581) (end 2.071 -0.78) (layer F.SilkS) (width 0.12))
    (fp_line (start 2.031 0.78) (end 2.031 1.613) (layer F.SilkS) (width 0.12))
    (fp_line (start 2.031 -1.613) (end 2.031 -0.78) (layer F.SilkS) (width 0.12))
    (fp_line (start 1.991 0.78) (end 1.991 1.643) (layer F.SilkS) (width 0.12))
    (fp_line (start 1.991 -1.643) (end 1.991 -0.78) (layer F.SilkS) (width 0.12))
    (fp_line (start 1.951 0.78) (end 1.951 1.672) (layer F.SilkS) (width 0.12))
    (fp_line (start 1.951 -1.672) (end 1.951 -0.78) (layer F.SilkS) (width 0.12))
    (fp_line (start 1.911 0.78) (end 1.911 1.699) (layer F.SilkS) (width 0.12))
    (fp_line (start 1.911 -1.699) (end 1.911 -0.78) (layer F.SilkS) (width 0.12))
    (fp_line (start 1.871 0.78) (end 1.871 1.725) (layer F.SilkS) (width 0.12))
    (fp_line (start 1.871 -1.725) (end 1.871 -0.78) (layer F.SilkS) (width 0.12))
    (fp_line (start 1.831 0.78) (end 1.831 1.75) (layer F.SilkS) (width 0.12))
    (fp_line (start 1.831 -1.75) (end 1.831 -0.78) (layer F.SilkS) (width 0.12))
    (fp_line (start 1.791 0.78) (end 1.791 1.773) (layer F.SilkS) (width 0.12))
    (fp_line (start 1.791 -1.773) (end 1.791 -0.78) (layer F.SilkS) (width 0.12))
    (fp_line (start 1.751 0.78) (end 1.751 1.796) (layer F.SilkS) (width 0.12))
    (fp_line (start 1.751 -1.796) (end 1.751 -0.78) (layer F.SilkS) (width 0.12))
    (fp_line (start 1.711 0.78) (end 1.711 1.817) (layer F.SilkS) (width 0.12))
    (fp_line (start 1.711 -1.817) (end 1.711 -0.78) (layer F.SilkS) (width 0.12))
    (fp_line (start 1.671 0.78) (end 1.671 1.837) (layer F.SilkS) (width 0.12))
    (fp_line (start 1.671 -1.837) (end 1.671 -0.78) (layer F.SilkS) (width 0.12))
    (fp_line (start 1.631 0.78) (end 1.631 1.856) (layer F.SilkS) (width 0.12))
    (fp_line (start 1.631 -1.856) (end 1.631 -0.78) (layer F.SilkS) (width 0.12))
    (fp_line (start 1.591 0.78) (end 1.591 1.874) (layer F.SilkS) (width 0.12))
    (fp_line (start 1.591 -1.874) (end 1.591 -0.78) (layer F.SilkS) (width 0.12))
    (fp_line (start 1.551 0.78) (end 1.551 1.891) (layer F.SilkS) (width 0.12))
    (fp_line (start 1.551 -1.891) (end 1.551 -0.78) (layer F.SilkS) (width 0.12))
    (fp_line (start 1.511 0.78) (end 1.511 1.907) (layer F.SilkS) (width 0.12))
    (fp_line (start 1.511 -1.907) (end 1.511 -0.78) (layer F.SilkS) (width 0.12))
    (fp_line (start 1.471 0.78) (end 1.471 1.923) (layer F.SilkS) (width 0.12))
    (fp_line (start 1.471 -1.923) (end 1.471 -0.78) (layer F.SilkS) (width 0.12))
    (fp_line (start 1.43 0.78) (end 1.43 1.937) (layer F.SilkS) (width 0.12))
    (fp_line (start 1.43 -1.937) (end 1.43 -0.78) (layer F.SilkS) (width 0.12))
    (fp_line (start 1.39 0.78) (end 1.39 1.95) (layer F.SilkS) (width 0.12))
    (fp_line (start 1.39 -1.95) (end 1.39 -0.78) (layer F.SilkS) (width 0.12))
    (fp_line (start 1.35 0.78) (end 1.35 1.963) (layer F.SilkS) (width 0.12))
    (fp_line (start 1.35 -1.963) (end 1.35 -0.78) (layer F.SilkS) (width 0.12))
    (fp_line (start 1.31 0.78) (end 1.31 1.974) (layer F.SilkS) (width 0.12))
    (fp_line (start 1.31 -1.974) (end 1.31 -0.78) (layer F.SilkS) (width 0.12))
    (fp_line (start 1.27 0.78) (end 1.27 1.985) (layer F.SilkS) (width 0.12))
    (fp_line (start 1.27 -1.985) (end 1.27 -0.78) (layer F.SilkS) (width 0.12))
    (fp_line (start 1.23 0.78) (end 1.23 1.995) (layer F.SilkS) (width 0.12))
    (fp_line (start 1.23 -1.995) (end 1.23 -0.78) (layer F.SilkS) (width 0.12))
    (fp_line (start 1.19 0.78) (end 1.19 2.004) (layer F.SilkS) (width 0.12))
    (fp_line (start 1.19 -2.004) (end 1.19 -0.78) (layer F.SilkS) (width 0.12))
    (fp_line (start 1.15 0.78) (end 1.15 2.012) (layer F.SilkS) (width 0.12))
    (fp_line (start 1.15 -2.012) (end 1.15 -0.78) (layer F.SilkS) (width 0.12))
    (fp_line (start 1.11 0.78) (end 1.11 2.019) (layer F.SilkS) (width 0.12))
    (fp_line (start 1.11 -2.019) (end 1.11 -0.78) (layer F.SilkS) (width 0.12))
    (fp_line (start 1.07 0.78) (end 1.07 2.026) (layer F.SilkS) (width 0.12))
    (fp_line (start 1.07 -2.026) (end 1.07 -0.78) (layer F.SilkS) (width 0.12))
    (fp_line (start 1.03 0.78) (end 1.03 2.032) (layer F.SilkS) (width 0.12))
    (fp_line (start 1.03 -2.032) (end 1.03 -0.78) (layer F.SilkS) (width 0.12))
    (fp_line (start 0.99 0.78) (end 0.99 2.037) (layer F.SilkS) (width 0.12))
    (fp_line (start 0.99 -2.037) (end 0.99 -0.78) (layer F.SilkS) (width 0.12))
    (fp_line (start 0.95 0.78) (end 0.95 2.041) (layer F.SilkS) (width 0.12))
    (fp_line (start 0.95 -2.041) (end 0.95 -0.78) (layer F.SilkS) (width 0.12))
    (fp_line (start 0.91 0.78) (end 0.91 2.044) (layer F.SilkS) (width 0.12))
    (fp_line (start 0.91 -2.044) (end 0.91 -0.78) (layer F.SilkS) (width 0.12))
    (fp_line (start 0.87 0.78) (end 0.87 2.047) (layer F.SilkS) (width 0.12))
    (fp_line (start 0.87 -2.047) (end 0.87 -0.78) (layer F.SilkS) (width 0.12))
    (fp_line (start 0.83 0.78) (end 0.83 2.049) (layer F.SilkS) (width 0.12))
    (fp_line (start 0.83 -2.049) (end 0.83 -0.78) (layer F.SilkS) (width 0.12))
    (fp_line (start 0.79 0.78) (end 0.79 2.05) (layer F.SilkS) (width 0.12))
    (fp_line (start 0.79 -2.05) (end 0.79 -0.78) (layer F.SilkS) (width 0.12))
    (fp_line (start 0.75 -2.05) (end 0.75 -0.78) (layer F.SilkS) (width 0.12))
    (fp_line (start 0.75 0.78) (end 0.75 2.05) (layer F.SilkS) (width 0.12))
    (fp_line (start -1.25 -0.45) (end -1.25 0.45) (layer F.Fab) (width 0.1))
    (fp_line (start -1.7 0) (end -0.8 0) (layer F.Fab) (width 0.1))
    (fp_circle (center 0.75 0) (end 2.75 0) (layer F.Fab) (width 0.1))
    (fp_arc (start 0.75 0) (end 2.595996 -0.98) (angle 55.9) (layer F.SilkS) (width 0.12))
    (fp_arc (start 0.75 0) (end -1.095996 0.98) (angle -124.1) (layer F.SilkS) (width 0.12))
    (fp_arc (start 0.75 0) (end -1.095996 -0.98) (angle 124.1) (layer F.SilkS) (width 0.12))
    (pad 2 thru_hole circle (at 1.5 0) (size 1.2 1.2) (drill 0.6) (layers *.Cu *.Mask)
      (net 4 GND))
    (pad 1 thru_hole rect (at 0 0) (size 1.2 1.2) (drill 0.6) (layers *.Cu *.Mask)
      (net 5 +3V3))
    (model ${KISYS3DMOD}/Capacitors_THT.3dshapes/CP_Radial_D4.0mm_P1.50mm.wrl
      (at (xyz 0 0 0))
      (scale (xyz 1 1 1))
      (rotate (xyz 0 0 0))
    )
  )

  (module Capacitors_THT:C_Disc_D3.0mm_W1.6mm_P2.50mm (layer F.Cu) (tedit 597BC7C2) (tstamp 5ADDB357)
    (at 200.504524 117.1825)
    (descr "C, Disc series, Radial, pin pitch=2.50mm, , diameter*width=3.0*1.6mm^2, Capacitor, http://www.vishay.com/docs/45233/krseries.pdf")
    (tags "C Disc series Radial pin pitch 2.50mm  diameter 3.0mm width 1.6mm Capacitor")
    (path /5AE03AE6)
    (fp_text reference C9 (at 1.25 -2.11) (layer F.SilkS)
      (effects (font (size 1 1) (thickness 0.15)))
    )
    (fp_text value 100nF (at 1.25 2.11) (layer F.Fab)
      (effects (font (size 1 1) (thickness 0.15)))
    )
    (fp_line (start -0.25 -0.8) (end -0.25 0.8) (layer F.Fab) (width 0.1))
    (fp_line (start -0.25 0.8) (end 2.75 0.8) (layer F.Fab) (width 0.1))
    (fp_line (start 2.75 0.8) (end 2.75 -0.8) (layer F.Fab) (width 0.1))
    (fp_line (start 2.75 -0.8) (end -0.25 -0.8) (layer F.Fab) (width 0.1))
    (fp_line (start 0.663 -0.861) (end 1.837 -0.861) (layer F.SilkS) (width 0.12))
    (fp_line (start 0.663 0.861) (end 1.837 0.861) (layer F.SilkS) (width 0.12))
    (fp_line (start -1.05 -1.15) (end -1.05 1.15) (layer F.CrtYd) (width 0.05))
    (fp_line (start -1.05 1.15) (end 3.55 1.15) (layer F.CrtYd) (width 0.05))
    (fp_line (start 3.55 1.15) (end 3.55 -1.15) (layer F.CrtYd) (width 0.05))
    (fp_line (start 3.55 -1.15) (end -1.05 -1.15) (layer F.CrtYd) (width 0.05))
    (fp_text user %R (at 1.25 0) (layer F.Fab)
      (effects (font (size 1 1) (thickness 0.15)))
    )
    (pad 1 thru_hole circle (at 0 0) (size 1.6 1.6) (drill 0.8) (layers *.Cu *.Mask)
      (net 6 "Net-(C9-Pad1)"))
    (pad 2 thru_hole circle (at 2.5 0) (size 1.6 1.6) (drill 0.8) (layers *.Cu *.Mask)
      (net 4 GND))
    (model ${KISYS3DMOD}/Capacitors_THT.3dshapes/C_Disc_D3.0mm_W1.6mm_P2.50mm.wrl
      (at (xyz 0 0 0))
      (scale (xyz 1 1 1))
      (rotate (xyz 0 0 0))
    )
  )

  (module Capacitors_THT:C_Disc_D3.0mm_W1.6mm_P2.50mm (layer F.Cu) (tedit 597BC7C2) (tstamp 5ADDB368)
    (at 224.885001 95.1525)
    (descr "C, Disc series, Radial, pin pitch=2.50mm, , diameter*width=3.0*1.6mm^2, Capacitor, http://www.vishay.com/docs/45233/krseries.pdf")
    (tags "C Disc series Radial pin pitch 2.50mm  diameter 3.0mm width 1.6mm Capacitor")
    (path /5AE151E6)
    (fp_text reference C10 (at 1.25 -2.11) (layer F.SilkS)
      (effects (font (size 1 1) (thickness 0.15)))
    )
    (fp_text value 22pF (at 1.25 2.11) (layer F.Fab)
      (effects (font (size 1 1) (thickness 0.15)))
    )
    (fp_line (start -0.25 -0.8) (end -0.25 0.8) (layer F.Fab) (width 0.1))
    (fp_line (start -0.25 0.8) (end 2.75 0.8) (layer F.Fab) (width 0.1))
    (fp_line (start 2.75 0.8) (end 2.75 -0.8) (layer F.Fab) (width 0.1))
    (fp_line (start 2.75 -0.8) (end -0.25 -0.8) (layer F.Fab) (width 0.1))
    (fp_line (start 0.663 -0.861) (end 1.837 -0.861) (layer F.SilkS) (width 0.12))
    (fp_line (start 0.663 0.861) (end 1.837 0.861) (layer F.SilkS) (width 0.12))
    (fp_line (start -1.05 -1.15) (end -1.05 1.15) (layer F.CrtYd) (width 0.05))
    (fp_line (start -1.05 1.15) (end 3.55 1.15) (layer F.CrtYd) (width 0.05))
    (fp_line (start 3.55 1.15) (end 3.55 -1.15) (layer F.CrtYd) (width 0.05))
    (fp_line (start 3.55 -1.15) (end -1.05 -1.15) (layer F.CrtYd) (width 0.05))
    (fp_text user %R (at 1.25 0) (layer F.Fab)
      (effects (font (size 1 1) (thickness 0.15)))
    )
    (pad 1 thru_hole circle (at 0 0) (size 1.6 1.6) (drill 0.8) (layers *.Cu *.Mask)
      (net 7 "Net-(C10-Pad1)"))
    (pad 2 thru_hole circle (at 2.5 0) (size 1.6 1.6) (drill 0.8) (layers *.Cu *.Mask)
      (net 4 GND))
    (model ${KISYS3DMOD}/Capacitors_THT.3dshapes/C_Disc_D3.0mm_W1.6mm_P2.50mm.wrl
      (at (xyz 0 0 0))
      (scale (xyz 1 1 1))
      (rotate (xyz 0 0 0))
    )
  )

  (module Capacitors_THT:C_Disc_D3.0mm_W1.6mm_P2.50mm (layer F.Cu) (tedit 597BC7C2) (tstamp 5ADDB379)
    (at 174.235001 121.5825)
    (descr "C, Disc series, Radial, pin pitch=2.50mm, , diameter*width=3.0*1.6mm^2, Capacitor, http://www.vishay.com/docs/45233/krseries.pdf")
    (tags "C Disc series Radial pin pitch 2.50mm  diameter 3.0mm width 1.6mm Capacitor")
    (path /5AE1513A)
    (fp_text reference C11 (at 1.25 -2.11) (layer F.SilkS)
      (effects (font (size 1 1) (thickness 0.15)))
    )
    (fp_text value 22pF (at 1.25 2.11) (layer F.Fab)
      (effects (font (size 1 1) (thickness 0.15)))
    )
    (fp_text user %R (at 1.25 0) (layer F.Fab)
      (effects (font (size 1 1) (thickness 0.15)))
    )
    (fp_line (start 3.55 -1.15) (end -1.05 -1.15) (layer F.CrtYd) (width 0.05))
    (fp_line (start 3.55 1.15) (end 3.55 -1.15) (layer F.CrtYd) (width 0.05))
    (fp_line (start -1.05 1.15) (end 3.55 1.15) (layer F.CrtYd) (width 0.05))
    (fp_line (start -1.05 -1.15) (end -1.05 1.15) (layer F.CrtYd) (width 0.05))
    (fp_line (start 0.663 0.861) (end 1.837 0.861) (layer F.SilkS) (width 0.12))
    (fp_line (start 0.663 -0.861) (end 1.837 -0.861) (layer F.SilkS) (width 0.12))
    (fp_line (start 2.75 -0.8) (end -0.25 -0.8) (layer F.Fab) (width 0.1))
    (fp_line (start 2.75 0.8) (end 2.75 -0.8) (layer F.Fab) (width 0.1))
    (fp_line (start -0.25 0.8) (end 2.75 0.8) (layer F.Fab) (width 0.1))
    (fp_line (start -0.25 -0.8) (end -0.25 0.8) (layer F.Fab) (width 0.1))
    (pad 2 thru_hole circle (at 2.5 0) (size 1.6 1.6) (drill 0.8) (layers *.Cu *.Mask)
      (net 4 GND))
    (pad 1 thru_hole circle (at 0 0) (size 1.6 1.6) (drill 0.8) (layers *.Cu *.Mask)
      (net 8 "Net-(C11-Pad1)"))
    (model ${KISYS3DMOD}/Capacitors_THT.3dshapes/C_Disc_D3.0mm_W1.6mm_P2.50mm.wrl
      (at (xyz 0 0 0))
      (scale (xyz 1 1 1))
      (rotate (xyz 0 0 0))
    )
  )

  (module Capacitors_THT:C_Disc_D3.0mm_W1.6mm_P2.50mm (layer F.Cu) (tedit 597BC7C2) (tstamp 5ADDB38A)
    (at 158.374524 148.1725)
    (descr "C, Disc series, Radial, pin pitch=2.50mm, , diameter*width=3.0*1.6mm^2, Capacitor, http://www.vishay.com/docs/45233/krseries.pdf")
    (tags "C Disc series Radial pin pitch 2.50mm  diameter 3.0mm width 1.6mm Capacitor")
    (path /5AE22561)
    (fp_text reference C12 (at 1.25 -2.11) (layer F.SilkS)
      (effects (font (size 1 1) (thickness 0.15)))
    )
    (fp_text value 100nF (at 1.25 2.11) (layer F.Fab)
      (effects (font (size 1 1) (thickness 0.15)))
    )
    (fp_text user %R (at 1.25 0) (layer F.Fab)
      (effects (font (size 1 1) (thickness 0.15)))
    )
    (fp_line (start 3.55 -1.15) (end -1.05 -1.15) (layer F.CrtYd) (width 0.05))
    (fp_line (start 3.55 1.15) (end 3.55 -1.15) (layer F.CrtYd) (width 0.05))
    (fp_line (start -1.05 1.15) (end 3.55 1.15) (layer F.CrtYd) (width 0.05))
    (fp_line (start -1.05 -1.15) (end -1.05 1.15) (layer F.CrtYd) (width 0.05))
    (fp_line (start 0.663 0.861) (end 1.837 0.861) (layer F.SilkS) (width 0.12))
    (fp_line (start 0.663 -0.861) (end 1.837 -0.861) (layer F.SilkS) (width 0.12))
    (fp_line (start 2.75 -0.8) (end -0.25 -0.8) (layer F.Fab) (width 0.1))
    (fp_line (start 2.75 0.8) (end 2.75 -0.8) (layer F.Fab) (width 0.1))
    (fp_line (start -0.25 0.8) (end 2.75 0.8) (layer F.Fab) (width 0.1))
    (fp_line (start -0.25 -0.8) (end -0.25 0.8) (layer F.Fab) (width 0.1))
    (pad 2 thru_hole circle (at 2.5 0) (size 1.6 1.6) (drill 0.8) (layers *.Cu *.Mask)
      (net 4 GND))
    (pad 1 thru_hole circle (at 0 0) (size 1.6 1.6) (drill 0.8) (layers *.Cu *.Mask)
      (net 9 "Net-(C12-Pad1)"))
    (model ${KISYS3DMOD}/Capacitors_THT.3dshapes/C_Disc_D3.0mm_W1.6mm_P2.50mm.wrl
      (at (xyz 0 0 0))
      (scale (xyz 1 1 1))
      (rotate (xyz 0 0 0))
    )
  )

  (module Capacitors_THT:CP_Radial_D10.0mm_P5.00mm (layer F.Cu) (tedit 597BC7C2) (tstamp 5ADDB458)
    (at 116.215001 143.6325)
    (descr "CP, Radial series, Radial, pin pitch=5.00mm, , diameter=10mm, Electrolytic Capacitor")
    (tags "CP Radial series Radial pin pitch 5.00mm  diameter 10mm Electrolytic Capacitor")
    (path /5AE5AFDF)
    (fp_text reference C13 (at 2.5 -6.31) (layer F.SilkS)
      (effects (font (size 1 1) (thickness 0.15)))
    )
    (fp_text value 680uF (at 2.5 6.31) (layer F.Fab)
      (effects (font (size 1 1) (thickness 0.15)))
    )
    (fp_text user %R (at 2.5 0) (layer F.Fab)
      (effects (font (size 1 1) (thickness 0.15)))
    )
    (fp_line (start 7.85 -5.35) (end -2.85 -5.35) (layer F.CrtYd) (width 0.05))
    (fp_line (start 7.85 5.35) (end 7.85 -5.35) (layer F.CrtYd) (width 0.05))
    (fp_line (start -2.85 5.35) (end 7.85 5.35) (layer F.CrtYd) (width 0.05))
    (fp_line (start -2.85 -5.35) (end -2.85 5.35) (layer F.CrtYd) (width 0.05))
    (fp_line (start -1.95 -0.75) (end -1.95 0.75) (layer F.SilkS) (width 0.12))
    (fp_line (start -2.7 0) (end -1.2 0) (layer F.SilkS) (width 0.12))
    (fp_line (start 7.581 -0.279) (end 7.581 0.279) (layer F.SilkS) (width 0.12))
    (fp_line (start 7.541 -0.672) (end 7.541 0.672) (layer F.SilkS) (width 0.12))
    (fp_line (start 7.501 -0.913) (end 7.501 0.913) (layer F.SilkS) (width 0.12))
    (fp_line (start 7.461 -1.104) (end 7.461 1.104) (layer F.SilkS) (width 0.12))
